batch_size: 36
clip_range: 0.11315474413185495
ent_coef: 0.0003322401263958041
gae_lambda: 0.9644764458282054
gamma: 0.964127898030469
learning_rate: 0.00042357193050137054
max_grad_norm: 0.7093403652664247
n_steps: 747
vf_coef: 0.7899038041346093
