batch_size: 192
clip_range: 0.28727392489707493
ent_coef: 0.01922902601246564
gae_lambda: 0.8416755028586217
learning_rate: 0.00025489981868470835
max_grad_norm: 0.41848691795954784
n_steps: 38
vf_coef: 0.5011744081253736
