batch_size: 45
clip_range: 0.13218597297209073
ent_coef: 0.00551598278144674
gae_lambda: 0.9472260681398598
learning_rate: 0.0004915709371380327
max_grad_norm: 0.3242090243115361
n_steps: 301
vf_coef: 0.5937149506354293
