batch_size: 66
clip_range: 0.15589429178226066
ent_coef: 0.00573213020170553
gae_lambda: 0.9864871207861574
learning_rate: 0.0003697306188106052
max_grad_norm: 0.15605445238155394
n_steps: 387
vf_coef: 0.11751975297839251
