batch_size: 243
clip_range: 0.2017832310530917
ent_coef: 0.010356658628031389
gae_lambda: 0.8142285666986598
gamma: 0.9045992835885459
learning_rate: 0.00047500421534876563
max_grad_norm: 0.28056068887681723
n_steps: 39
vf_coef: 0.1017093795613027
