batch_size: 42
clip_range: 0.12159650395951578
ent_coef: 0.008362300516304235
gae_lambda: 0.9437295185392839
learning_rate: 0.000258508699159723
max_grad_norm: 0.9902247429571766
n_steps: 398
vf_coef: 0.5644764548744111
